3
3
15
0
11
11
3
16
8
8
13
8
16
2
12
3
3
3
3
10
8
3
13
0
3
6
11
3
15
3
12
17
9
3
2
3
12
3
1
12
3
3
0
1
12
3
0
3
3
3
3
11
13
17
3
3
3
11
13
11
9
12
8
0
14
15
1
10
8
12
10
11
17
3
2
3
3
15
17
13
3
0
3
3
3
11
3
0
3
3
3
3
3
2
3
7
5
14
2
0
3
7
0
12
1
2
15
3
3
3
5
3
1
11
13
3
12
3
3
0
11
3
3
3
0
6
11
17
3
0
3
11
3
3
5
10
3
8
12
3
12
3
7
12
3
12
3
9
3
8
17
3
0
3
3
3
3
3
3
17
4
1
14
5
3
3
3
12
17
0
3
3
9
3
17
12
13
12
17
3
13
17
0
3
3
2
3
9
3
0
3
12
11
3
3
3
16
1
2
3
3
8
13
3
2
2
11
3
12
8
7
12
2
12
3
11
14
17
2
9
4
13
5
2
10
17
3
3
17
10
3
11
12
3
5
17
3
3
1
9
3
17
10
17
2
13
11
3
3
3
12
3
3
2
16
1
12
0
11
17
11
3
3
9
